1.0884435e-19
1.0884435e-19
1.0884435e-19
1.0884435e-19
1.0884435e-19
1.0884435e-19
1.0884435e-19
1.0884435e-19
1.0884435e-19
1.0884435e-19
1.0884435e-19
1.0884435e-19
1.0884435e-19
1.0884435e-19
1.0884435e-19
1.0884435e-19
1.0884435e-19
1.0884435e-19
1.0884435e-19
1.0884435e-19
1.0884435e-19
1.0884435e-19
1.0884435e-19
1.0884435e-19
1.0884435e-19
1.0884435e-19
1.0884435e-19
1.0884435e-19
1.0884435e-19
1.0884435e-19
1.0884435e-19
1.0884435e-19
1.0884435e-19
1.0884435e-19
1.0884435e-19
1.0884435e-19
1.0884435e-19
1.0884435e-19
