17466,64610,65284,1,0,30,6,35401,16328,3,8,9,15,42,51,53,16,94,6,2560
17466,64610,65282,1,0,30,6,35401,16328,3,8,9,15,42,51,53,16,94,6,2560
17466,64607,65287,4,0,29,6,34574,16318,3,8,9,15,42,51,53,16,94,6,2560
17466,64604,65289,2,0,30,6,35401,16328,3,8,9,15,43,51,53,16,94,6,2560
17466,64607,65288,1,0,29,6,34574,16318,3,8,9,15,42,51,53,16,94,6,2560
17466,64611,65286,2,0,30,6,35401,16328,3,8,9,15,42,51,53,16,94,6,2560
17466,64604,65290,3,0,29,6,34574,16318,3,8,9,15,42,51,53,16,94,6,2560
17466,64628,65223,8,0,32,8,420,16316,3,8,9,15,43,52,53,17,104,62,2560
17466,64633,65218,1,0,30,6,35401,16328,3,8,9,15,42,51,53,16,94,6,2560
17466,64630,65217,10,0,30,6,35401,16328,3,8,9,15,43,51,53,17,94,6,2560
17466,64632,65212,3,0,30,6,35401,16328,3,8,9,15,42,51,52,16,94,6,2560
17466,64631,65223,13,0,30,6,35401,16328,3,8,9,15,42,51,53,16,94,6,2560
17466,64628,65219,15,0,30,6,35401,16328,3,8,9,15,42,51,52,16,94,6,2560
17466,64628,65211,7,0,30,6,35401,16328,3,8,9,15,42,51,52,16,94,6,2560
17466,64632,65212,7,0,31,6,38054,16338,3,8,9,15,42,51,52,16,94,10,2560
17466,64630,65216,6,0,29,6,34574,16318,3,8,9,15,42,51,52,16,94,6,2560
17466,64630,65211,3,0,30,6,35401,16328,3,8,9,15,42,51,52,16,94,6,2560
17466,64634,65213,7,0,30,6,35401,16328,3,8,9,15,42,51,52,16,94,6,2560
17466,64632,65213,6,0,30,6,35401,16328,3,8,9,15,42,51,53,16,94,6,2560
17466,64636,65209,7,0,30,6,35401,16328,3,8,9,15,42,51,52,16,94,6,2560
17466,64628,65205,4,0,30,6,35401,16328,3,8,9,15,42,51,52,16,93,6,2560
17466,64634,65206,4,0,30,6,35401,16328,3,8,9,15,42,51,52,16,94,6,2560
17466,64635,65208,1,0,30,6,35401,16328,3,8,9,15,42,51,52,16,94,6,2560
17466,64638,65207,9,0,29,6,34574,16318,3,8,9,15,42,51,52,16,94,6,2560
17466,64634,65207,9,0,30,6,35401,16328,3,8,9,15,42,51,53,16,94,6,2560
17466,64635,65205,8,0,30,6,35401,16328,3,8,9,15,42,51,52,16,94,6,2560
17466,64629,65211,7,0,30,6,35401,16328,3,8,9,15,42,51,53,16,94,6,2560
17466,64638,65194,65535,0,30,6,35401,16328,3,8,9,15,42,51,53,16,94,6,2560
17466,64635,65210,7,0,30,6,35401,16328,3,8,9,15,42,51,53,16,94,6,2560
17466,64632,65205,6,0,30,5,39321,16345,3,8,9,15,42,51,53,16,94,6,2560
17466,64633,65207,8,0,30,6,35401,16328,3,8,9,15,42,51,53,16,94,6,2560
17466,64640,65206,8,0,30,6,35401,16328,3,8,9,15,42,51,52,16,94,6,2560
17466,64634,65208,4,0,30,6,35401,16328,3,8,9,15,42,51,52,16,94,6,2560
17466,64632,65207,6,0,30,6,35401,16328,3,8,9,15,42,51,53,16,94,6,2560
17466,64635,65209,14,0,30,6,35401,16328,3,8,9,15,42,51,53,16,94,6,2560
17466,64631,65210,14,0,30,6,35401,16328,3,8,9,15,42,51,52,16,94,6,2560
17466,64635,65201,1,0,30,6,35401,16328,3,8,9,15,42,51,52,16,94,6,2560
17466,64632,65213,14,0,30,6,35401,16328,3,8,9,15,42,51,52,16,94,6,2560
17466,64775,64936,155,0,86,17,36520,16528,4,11,12,20,55,65,68,21,121,9,2560
2,0
2,0
2,0
2,0
2,0
2,0
2,0
2,0
2,0
2,0
2,0
2,0
2,0
2,0
2,0
2,0
2,0
2,0
2,0
2,0
2,0
2,0
2,0
2,0
2,0
2,0
2,0
2,0
2,0
2,0
2,0
2,0
2,0
2,0
2,0
2,0
2,0
2,0
